6 0.751125 0.460195 0.078062 0.050641
6 0.854492 0.635297 0.061172 0.063281
6 0.581289 0.404281 0.071734 0.052750
6 0.527492 0.349430 0.065391 0.048516
6 0.464203 0.364203 0.069625 0.048531
6 0.351336 0.286141 0.067516 0.044313
6 0.273273 0.301961 0.067516 0.046422
6 0.160406 0.262937 0.065406 0.044313
5 0.197320 0.955977 0.101266 0.063297
5 0.514828 0.807234 0.082281 0.061188
5 0.399852 0.863148 0.092828 0.063297
6 0.973695 0.527703 0.046422 0.054844
6 0.851336 0.490781 0.071734 0.048531
6 0.812297 0.436984 0.073844 0.046406
