4 0.660419 0.586135 0.085132 0.144486
4 0.120821 0.237459 0.070184 0.153838
4 0.246889 0.560198 0.094007 0.172252
4 0.835517 0.779378 0.132411 0.304667
4 0.560505 0.849279 0.115040 0.297477
4 0.500281 0.557351 0.080723 0.141874
4 0.605867 0.402514 0.070700 0.165027
4 0.352354 0.393892 0.055798 0.136973
4 0.061056 0.478459 0.073754 0.141604
4 0.270442 0.219604 0.059116 0.153802
4 0.197405 0.777928 0.074994 0.162342
4 0.416303 0.086937 0.059931 0.145766
4 0.405253 0.906477 0.131722 0.183946
4 0.698829 0.914360 0.098232 0.168180
