4 0.698298 0.455404 0.020303 0.094574
4 0.723455 0.457444 0.020303 0.087803
4 0.347112 0.817960 0.046583 0.063722
4 0.511923 0.936951 0.047806 0.063767
4 0.845851 0.552197 0.020303 0.088879
4 0.496747 0.448117 0.018108 0.080448
4 0.639735 0.963464 0.046583 0.063700
4 0.872043 0.970583 0.046583 0.058834
4 0.199596 0.741547 0.046583 0.050987
4 0.148235 0.654462 0.046583 0.050987
4 0.175120 0.606143 0.036999 0.049955
4 0.798020 0.441581 0.014048 0.076883
4 0.456456 0.449238 0.016721 0.082691
6 0.735233 0.564182 0.193493 0.149709
