4 0.425250 0.431661 0.033556 0.121645
5 0.849431 0.341661 0.301139 0.328520
4 0.600579 0.439564 0.033565 0.115576
4 0.469083 0.428018 0.030815 0.114359
5 0.229380 0.341637 0.307500 0.338207
4 0.649546 0.440173 0.038352 0.116793
4 0.696463 0.443215 0.036296 0.115576
4 0.379023 0.435921 0.032880 0.115559
6 0.366699 0.815477 0.257509 0.363750
6 0.070148 0.813766 0.136981 0.372467
4 0.553324 0.434704 0.029444 0.117993
6 0.788917 0.833224 0.288333 0.333553
4 0.499583 0.540543 0.023241 0.132599
4 0.740639 0.435312 0.034241 0.121645
