5 0.623508 0.695402 0.192476 0.187725
5 0.377516 0.652538 0.175773 0.187184
0 0.128384 0.536949 0.137277 0.189570
6 0.685094 0.162802 0.127197 0.105076
0 0.762709 0.087517 0.077197 0.116782
4 0.660396 0.886595 0.019731 0.103010
5 0.330374 0.063634 0.129593 0.104799
5 0.156057 0.144993 0.144357 0.144632
6 0.196318 0.280964 0.138460 0.112552
6 0.474223 0.118724 0.114895 0.103190
6 0.464415 0.320361 0.126652 0.135035
6 0.230218 0.472316 0.136500 0.135035
0 0.578780 0.049064 0.083544 0.098128
0 0.324931 0.197559 0.110080 0.118141
0 0.075029 0.348481 0.138584 0.129390
0 0.568976 0.225687 0.100247 0.121831
0 0.357854 0.381331 0.113036 0.161276
5 0.653460 0.432926 0.150247 0.168793
5 0.519415 0.544515 0.166935 0.151914
5 0.790940 0.296019 0.134532 0.168793
5 0.909760 0.422628 0.154176 0.166949
5 0.766877 0.568904 0.168903 0.159417
