5 0.073570 0.089156 0.111922 0.078313
6 0.929219 0.551094 0.118750 0.077187
6 0.827133 0.530383 0.103234 0.079078
6 0.814258 0.444609 0.113984 0.077844
4 0.931234 0.724242 0.016188 0.061953
4 0.891102 0.641531 0.017609 0.062656
4 0.808734 0.609844 0.016188 0.054219
4 0.868578 0.624281 0.016188 0.054906
4 0.224391 0.796188 0.021844 0.065688
4 0.294687 0.811398 0.023125 0.069328
4 0.420312 0.815047 0.024687 0.071781
4 0.678359 0.880727 0.024531 0.074172
5 0.393437 0.239609 0.165937 0.079844
5 0.406719 0.541484 0.181250 0.116094
6 0.123750 0.175547 0.124687 0.074219
