4 0.830669 0.566015 0.042102 0.062792
4 0.745119 0.685063 0.051608 0.173173
4 0.822524 0.682906 0.051608 0.173173
4 0.889100 0.686409 0.051608 0.173173
4 0.967858 0.695063 0.051608 0.177487
4 0.868726 0.855228 0.038025 0.199137
4 0.901282 0.479429 0.042086 0.062766
4 0.959682 0.572513 0.042102 0.062792
4 0.954244 0.481612 0.042086 0.062766
4 0.770916 0.472944 0.042086 0.062792
4 0.694873 0.479429 0.042102 0.062766
4 0.844252 0.481612 0.042102 0.062766
5 0.400295 0.541497 0.510462 0.492640
4 0.763360 0.536510 0.042102 0.062766
4 0.670199 0.689391 0.043901 0.173147
4 0.680653 0.571294 0.042102 0.067462
4 0.893137 0.572513 0.042102 0.062792
