4 0.873857 0.348117 0.143015 0.156113
4 0.942100 0.468370 0.114844 0.147672
4 0.641996 0.338623 0.156341 0.234170
4 0.462173 0.394049 0.190665 0.146721
4 0.777568 0.256336 0.110229 0.175101
4 0.028825 0.301700 0.051996 0.168785
4 0.804522 0.625536 0.364012 0.394514
4 0.600842 0.913512 0.329335 0.164555
4 0.053753 0.123431 0.062848 0.128684
4 0.428586 0.228917 0.101830 0.175121
4 0.262838 0.292206 0.138690 0.217287
4 0.088420 0.517945 0.171185 0.272166
4 0.575925 0.181457 0.101830 0.172996
4 0.153420 0.233138 0.097484 0.158219
4 0.383098 0.658239 0.413846 0.455709
4 0.923690 0.181447 0.104012 0.168765
