5 0.211187 0.640830 0.151125 0.073660
5 0.180813 0.690670 0.149625 0.084940
5 0.757663 0.226700 0.104925 0.052600
5 0.686687 0.295000 0.099875 0.033600
5 0.553625 0.395600 0.119500 0.073600
4 0.078262 0.798970 0.012825 0.062100
4 0.529106 0.348100 0.008712 0.023760
4 0.846319 0.150260 0.009337 0.023440
5 0.869606 0.187200 0.102538 0.049600
6 0.178687 0.789840 0.186375 0.079280
5 0.361638 0.467230 0.132225 0.079260
5 0.325887 0.505680 0.128225 0.075360
5 0.227550 0.593200 0.146900 0.087200
5 0.318344 0.553570 0.135038 0.075940
5 0.655081 0.338600 0.115088 0.050400
5 0.713931 0.263070 0.106887 0.052540
