5 0.402669 0.548256 0.181862 0.131663
4 0.787100 0.589122 0.011369 0.055473
5 0.393123 0.242448 0.162769 0.087067
6 0.122562 0.169700 0.116785 0.092379
6 0.073085 0.093707 0.106169 0.083949
6 0.812454 0.457125 0.112600 0.063718
6 0.828954 0.535000 0.104338 0.081409
6 0.930338 0.548753 0.116123 0.080600
4 0.678277 0.883811 0.020462 0.070670
4 0.750323 0.908083 0.018831 0.062679
4 0.420600 0.820820 0.015969 0.067598
4 0.293292 0.815912 0.020062 0.065127
4 0.224638 0.796386 0.015923 0.067413
4 0.930508 0.725035 0.016215 0.061016
4 0.891415 0.639908 0.014215 0.058891
4 0.867115 0.626882 0.012785 0.054180
4 0.809838 0.610878 0.014785 0.055473
