3 0.411406 0.536895 0.068594 0.118722
4 0.537739 0.621188 0.011318 0.063946
3 0.349155 0.569910 0.049678 0.120090
6 0.332178 0.400549 0.076074 0.086121
3 0.536514 0.470785 0.059668 0.108296
3 0.474941 0.503621 0.064961 0.117422
3 0.299321 0.600841 0.049014 0.113520
6 0.846406 0.727287 0.098984 0.084574
6 0.085010 0.704563 0.095469 0.088722
6 0.736211 0.506895 0.078418 0.087422
3 0.892769 0.566256 0.074443 0.112197
3 0.827417 0.591693 0.068760 0.113520
3 0.735073 0.638016 0.061377 0.120022
3 0.654658 0.682377 0.065352 0.122646
3 0.200654 0.634765 0.058535 0.113520
