6 0.499528 0.262708 0.272931 0.216845
6 0.637799 0.481094 0.229649 0.268943
4 0.916147 0.541332 0.052909 0.112634
4 0.633589 0.760640 0.062525 0.133661
4 0.025187 0.412634 0.033666 0.105952
4 0.124989 0.512879 0.038474 0.123884
4 0.057656 0.520216 0.033666 0.092902
4 0.118375 0.679144 0.034863 0.123884
4 0.298727 0.818512 0.042086 0.105952
6 0.209759 0.350692 0.186367 0.164628
6 0.367574 0.606778 0.357717 0.295372
4 0.057371 0.395290 0.029605 0.094896
4 0.168650 0.484717 0.036795 0.108274
4 0.394341 0.467679 0.041284 0.127738
4 0.293386 0.501741 0.038584 0.110714
4 0.075768 0.613661 0.035906 0.098542
4 0.328831 0.914152 0.041284 0.120446
4 0.134100 0.926317 0.046663 0.115580
