6 0.176833 0.465750 0.034333 0.050250
4 0.230275 0.585781 0.009933 0.051188
4 0.505754 0.473806 0.009925 0.039888
4 0.516187 0.477163 0.009925 0.041625
6 0.120425 0.555556 0.088983 0.061863
4 0.241867 0.465706 0.009000 0.041063
4 0.492971 0.471863 0.011342 0.042825
4 0.466296 0.472938 0.009925 0.041625
4 0.747008 0.663556 0.014467 0.050137
6 0.272129 0.466213 0.038425 0.050250
6 0.920133 0.431712 0.035417 0.061875
6 0.587108 0.480375 0.074950 0.056500
6 0.767375 0.526813 0.061417 0.067125
6 0.648458 0.565312 0.152250 0.098125
6 0.414850 0.562194 0.142167 0.124762
