4 0.688312 0.652594 0.021437 0.058219
4 0.535609 0.626625 0.023813 0.079875
6 0.333125 0.400547 0.078125 0.081406
6 0.847852 0.730625 0.105391 0.093063
6 0.082789 0.706711 0.098703 0.097609
3 0.199875 0.636789 0.060250 0.120141
3 0.301625 0.601867 0.058875 0.112484
3 0.346109 0.572031 0.059969 0.118750
3 0.414297 0.535742 0.069531 0.110547
3 0.473594 0.504219 0.064688 0.116875
3 0.538359 0.480102 0.062031 0.109266
3 0.655312 0.683984 0.066875 0.121000
3 0.732602 0.640625 0.071047 0.121562
3 0.828125 0.597406 0.073438 0.103687
3 0.894141 0.569266 0.076719 0.117094
6 0.737187 0.510820 0.083125 0.086359
