4 0.302615 0.446343 0.024812 0.025467
4 0.087917 0.497033 0.024833 0.025467
4 0.466021 0.700619 0.024833 0.025467
4 0.407000 0.657675 0.024833 0.025467
4 0.409875 0.124322 0.024833 0.025467
4 0.382917 0.121367 0.024833 0.025467
6 0.197708 0.063493 0.209167 0.077921
6 0.691896 0.646367 0.295375 0.094416
6 0.389583 0.336624 0.146250 0.057360
4 0.211521 0.272220 0.024833 0.025467
4 0.405563 0.538563 0.024833 0.025467
4 0.391750 0.508995 0.024833 0.025467
4 0.377937 0.585035 0.024833 0.025467
4 0.198406 0.473096 0.024812 0.025467
6 0.764094 0.804428 0.286938 0.097313
6 0.847281 0.934579 0.293312 0.120561
6 0.651385 0.543756 0.286937 0.103633
